1 1 10.05 
1 1 10.05 
1 1 10.05 
1 1 10.05 
1 1 10.05 
2 94.97 
2 93.46 
2 95.97 
2 94.47 
2 94.97 
2 10.05 
2 10.05 
2 10.05 
2 10.05 
2 10.05 
2 94.97 
2 92.96 
2 95.47 
2 94.47 
2 95.97 
2 92.96 
2 92.96 
2 94.47 
2 95.47 
2 94.47 
2 94.97 
2 92.96 
2 95.47 
2 94.47 
2 95.97 
2 94.97 
2 92.96 
2 95.47 
2 93.96 
2 95.97 
2 10.05 
2 10.05 
2 10.05 
2 10.05 
2 10.05 
2 93.46 
2 90.95 
2 94.97 
2 94.47 
2 94.47 
2 94.47 
2 91.95 
2 95.97 
2 93.96 
2 93.96 
2 94.97 
2 92.96 
2 95.47 
2 93.96 
2 95.97 
2 92.96 
2 92.96 
2 94.47 
2 95.47 
2 94.47 
2 92.46 
2 93.46 
2 95.97 
2 94.47 
2 93.96 
2 93.96 
2 90.95 
2 95.47 
2 95.47 
2 95.47 
2 93.96 
2 90.95 
2 95.47 
2 95.47 
2 95.47 
2 91.45 
2 93.96 
2 93.46 
2 94.47 
2 93.46 
